200
205
210
215
220
225
230
235
240
245
250
255
260
265
270
275
280
275
270
265
260
255
250
245
240
235
230
225
220
215
210
205
200
195
190
195
200
205
210
215
220
225
230
235
240
245
250
255
260
265
270
275
270
265
260
255
250
245
240
235
230
225
220
215
210
205
200
195
190
185
180
175
170
165
160
165
170
175
180
185
190
195
200
205
210
215
220
225
230
235
240
245
250
255
260
265
270
275
280
285
290
295
290
285
280
275
270
265
260
255
250
245
240
235
230
225
220
215
210
205
200
195
190
185
180
175
170
165
160
155
150
155
160
165
170
175
180
185
190
195
200
205
210
215
220
225
230
235
240
245
250
255
250
245
240
235
230
225
220
215