260
260
260
260
260
260
260
260
260
260
260
260
260
260
260
260
260
260
260
260
260
260
260
260
260
260
268
276
284
292
300
308
316
324
332
340
348
356
364
372
380
388
396
404
408
412
416
420
424
428
432
436
440
444
448
452
456
460
464
468
472
476
480
484
488
492
496
500
504
508
512
516
520
524
528
532
536
540
544
548
548
544
540
536
532
528
524
520
516
512
508
504
500
496
492
488
484
480
476
472
468
464
460
456
452
448
444
440
436
432
428
424
420
416
412
408
404
396
388
380
372
364
356
348
340
332
324
316
308
300
292
284
276
268
260
260
260
260
260
260
260
260
260
260
260
260
260
260
260
260
260
260
260
260
260
260
260
260
260
260