242
244
246
248
250
252
254
256
258
260
262
264
266
268
270
270
270
270
270
268
266
264
262
260
258
256
254
252
250
248
246
244
242
240
238
236
234
232
230
230
230
230
230
228
226
224
222
220
218
216
214
212
210
208
206
204
202
200
200
200
202
204
206
208
210
212
214
216
218
220
222
224
226
228
230
232
234
234
234
234
236
238
240
242
244
246
248
250
252
254
256
258
260
262
264
266
270
275
280
285
290
290
290
290
290
290
288
286
284
282
280
278
276
274
272
270
268
266
264
262
260
258
256
254
252
250
248
246
244
242
240
238
236
234
232
230
228
226
224
222
220
218
216
214
212
210
208
206
204
202
200
198
198
198
200
202
204
206
208
210