300
295
290
285
280
275
270
265
260
255
250
245
240
235
230
225
220
215
210
210
215
220
225
230
235
240
245
250
255
260
265
270
275
280
285
290
295
300
295
290
285
280
275
270
265
260
255
250
245
240
235
230
225
220
215
210
210
215
220
225
230
235
240
245
250
255
260
265
270
275
280
285
290
295
300
305
310
315
320
325
330
335
340
345
350
355
360
365
370
375
380
385
390
395
400
405
405
400
395
390
385
380
375
370
365
360
355
350
345
340
335
330
325
320
315
310
305
300
295
290
285
280
275
270
265
260
255
250
255
260
265
270
275
280
285
290
295
300
305
310
305
300
295
290
285
280
275
270
265
260
255
250
245
245
250
255
260
265
270
275