400
400
400
400
400
400
400
400
400
400
350
350
350
350
350
350
350
350
350
350
300
300
300
300
300
300
300
300
300
300
425
425
425
425
425
425
425
425
425
425
400
400
400
400
400
400
400
400
400
400
450
450
450
450
450
450
450
450
450
450
500
500
500
500
500
500
500
500
500
500
475
475
475
475
475
475
475
475
475
475
350
350
350
350
350
350
350
350
350
350
425
425
425
425
425
425
425
425
425
425
450
450
450
450
450
450
450
450
450
450
375
375
375
375
375
375
375
375
375
375
325
325
325
325
325
325
325
325
325
325
350
350
350
350
350
350
350
350
350
350
375
375
375
375
375
375
375
375
375
375
400
400
400
400
400
400
400
400
400
400