450
460
470
480
490
500
510
520
530
540
550
560
570
580
590
570
550
530
510
490
470
450
430
420
410
410
415
420
450
480
510
540
570
600
630
660
690
680
670
660
650
640
630
620
610
600
590
580
570
580
590
600
610
620
600
580
560
540
520
500
480
460
440
435
435
440
450
460
470
480
490
500
510
520
530
540
550
560
570
580
590
600
610
620
630
640
650
660
670
680
680
680
659
638
617
596
575
554
533
512
491
470
460
449
449
449
450
460
470
480
490
500
510
520
530
540
550
560
570
580
590
590
595
600
605
610
615
620
625
630
635
640
645
650
655
660
665
670
675
650
625
600
575
550
525
500
475
450
425
400
375
385
395
405
415
425
435
445
455
465